-0.097291
-0.096852
-0.097257
0.04234
0.042584
0.043287
0.048285
0.048982
0.048826
0.049187
0.048476
0.029941
0.022381
0.02263
0.038009
0.03761
0.033386
0.042497
0.042608
0.043248
0.042059
0.041503
0.041517
0.031503
0.03354
0.031458
0.031515
0.028784
0.049745
0.049139
0.049271
0.04819
0.048602
0.026106
0.033153
0.033083
0.036744
0.039058
0.028542
0.020469
0.019721
0.017169
0.018065
0.013381
0.024945
0.015902
0.015184
0.013777
0.015892
0.01715
0.011198
0.012
0.013573
0.017748
0.016119
0.018687
0.018397
0.016735
0.019312
0.013786
0.018633
0.018254
0.019464
0.018993
0.01876
0.019565
0.01946
0.02108
0.021119
0.018832
-0.073733
-0.073332
-0.072515
-0.07359
-0.072162
-0.073755
-0.072603
-0.07233
-0.073994
-0.071552
0.0090084
0.0073644
0.0021617
0.0040111
-0.0099109
-0.0087563
-0.0050462
-0.0033953
-0.0031149
-0.0005626
0.0030047
0.00012539
-0.0013636
-0.0089301
-0.011183
-0.003655
-0.014096
-0.09571
-0.09912
-0.098783
-0.099088
-0.098009
-0.098346
-0.099292
-0.099172
-0.096507
-0.093744
-0.099414
-0.09869
-0.096094
-0.097055
-0.096791
-0.09379
0.048481
0.048426
0.037186
0.039839
0.047839
-0.0097224
-0.0043853
-0.0022071
0.013847
0.012732
0.011214
0.014916
0.010698
0.012623
0.012283
0.007807
0.0066302
0.0047616
0.0089259
0.010778
0.012648
0.011832
0.012827
0.010564
0.013917
0.019664
0.017152
0.019111
0.0055629
0.0072994
0.0086746
0.0018987
-0.00012811
-0.0036781
-0.053916
-0.049458
-0.05794
-0.054364
-0.072697
-0.066671
0.03676
0.029208
0.019976
0.040424
0.040225
0.057594
0.05724
0.056626
0.055593
0.043815
0.049604
0.058462
0.058609
0.058572
0.058187
0.058008
0.057259
0.056999
0.058107
0.057621
0.058779
0.058833
0.058677
0.058757
0.057247
0.056745
0.055381
0.0433
0.050939
0.051126
0.055793
0.055772
0.042675
0.043891
0.040326
0.04043
0.043345
0.043323
0.039004
0.036538
0.01951
0.025386
0.0214
0.028449
0.03641
0.043378
0.043259
0.043335
0.042853
0.042981
0.042346
0.042462
0.041329
0.041203
0.041524
0.042083
0.032976
0.033384
0.03075
0.032766
0.024802
0.029272
0.028996
0.029051
0.048265
0.048405
0.049487
0.049041
0.048517
0.048635
0.048197
0.048891
0.049187
0.04909
0.048444
0.048653
0.047885
0.048142
0.046421
0.04761
0.045593
0.044573
0.046205
0.044455
0.045774
0.047382
0.039282
0.039548
0.02239
0.022198
0.027517
0.024595
0.033507
0.033478
0.027209
0.031115
0.021683
0.035713
-0.046991
-0.046358
-0.051617
-0.0042644
-0.011301
-0.0089073
-0.013452
-0.0039254
-0.0017904
-0.0049624
-0.0042212
-0.0015012
-0.009406
-0.012837
-0.014351
-0.017783
-0.005948
-0.0045123
-0.011267
-0.009429
-0.01316
-0.010806
-0.017234
-0.0040559
8.8274e-05
-0.018354
-0.016985
-0.025491
-0.014505
-0.028427
-0.018642
5.9642e-05
8.2233e-05
0.0032849
0.0012266
0.0014912
0.0028214
0.0033191
0.0012341
0.0019928
0.00089029
0.00017337
-0.0002791
0.0017771
0.0043951
0.010731
0.0093437
0.013363
0.011344
0.011411
0.0073497
0.0086929
0.0081743
0.0068057
-0.010375
-0.012615
0.033382
0.031351
0.027232
0.036302
0.026402
0.019416
0.019477
0.017843
0.018478
0.019771
0.019809
0.021075
0.021213
0.018951
0.019126
0.021592
0.021014
0.0027103
0.0076224
0.0018774
0.0013478
0.014532
0.014899
0.01626
-0.026051
-0.026241
-0.019803
-0.023543
-0.032634
-0.013819
-0.014463
-0.029248
-0.022537
-0.030718
-0.028226
-0.020007
-0.061037
-0.055449
-0.05277
-0.052829
-0.060722
-0.021015
-0.026948
-0.019354
-0.026896
-0.028697
-0.023741
-0.041267
-0.038852
-0.030745
-0.036558
-0.036744
0.015282
0.015905
0.020532
0.019497
0.037722
0.033625
0.026389
0.029629
-0.073069
-0.072197
-0.07384
-0.073916
-0.071932
-0.071698
-0.070519
-0.070327
-0.064704
-0.058176
-0.064159
-0.046727
-0.049065
-0.051551
-0.046943
-0.052518
-0.042535
-0.042906
-0.042517
-0.032773
-0.035831
-0.018926
-0.017809
-0.022571
-0.01722
-0.012229
-0.010438
-0.012467
-0.0091975
-0.0058084
-0.014245
-0.018069
-0.024766
-0.022121
-0.070298
-0.069989
-0.059019
-0.058869
-0.047361
-0.049567
-0.039404
-0.024488
-0.02919
-0.070411
-0.06992
-0.059635
-0.058414
-0.050653
-0.047464
-0.041967
-0.046755
-0.032319
-0.032357
-0.025369
-0.019789
0.0072637
0.0084567
0.0079865
0.0067112
-0.00019486
-7.8774e-05
0.0052478
0.0088724
-0.0010023
0.0010118
0.0076412
0.0049438
0.00018971
0.0011712
0.0048382
0.0071094
0.049689
0.049124
0.048617
0.048986
0.048401
0.047743
0.04611
0.044298
0.044107
0.045175
0.048447
0.050674
0.047375
0.050982
0.051508
0.05111
0.051395
0.049754
0.049729
0.051218
0.051108
0.051381
0.051143
0.051119
0.051692
0.051739
0.051349
0.051175
0.051479
0.051802
0.05179
0.051138
0.050744
0.051098
0.051505
0.051264
0.051472
0.049021
0.050295
0.04559
0.042727
0.031998
0.037263
0.023301
0.01475
0.016422
0.021253
0.020492
0.016939
0.017344
0.019269
0.019738
0.021942
0.022453
0.018566
0.018684
-0.034308
-0.042553
-0.02559
-0.021745
-0.016255
-0.030246
-0.029376
-0.038909
-0.032232
-0.044089
-0.0066589
-0.0028999
0.016022
0.01436
-0.019711
-0.021018
-0.015171
-2.2342e-05
0.003839
-0.0043525
-0.0062204
-0.015859
-0.018845
-0.021626
-0.024087
-0.022921
-0.021414
-0.017975
-0.017494
-0.018448
-0.018651
-0.017763
-0.020263
-0.019843
-0.019595
-0.019947
-0.018793
-0.018499
-0.021073
-0.019132
-0.016924
-0.016927
-0.016589
-0.016584
-0.016336
-0.018531
-0.018664
-0.020291
-0.019267
-0.081721
-0.093919
-0.09456
-0.083542
-0.087017
-0.067289
-0.093974
-0.09414
-0.079316
-0.077851
-0.06092
-0.064535
-0.060982
-0.067936
-0.07165
-0.067115
-0.077928
-0.061205
-0.062724
-0.0615
-0.062107
-0.05363
-0.058816
-0.053711
-0.051599
-0.034424
-0.041733
-0.042486
-0.028343
-0.033297
-0.012575
-0.013551
-0.017529
-0.017513
-0.013769
-0.012215
-0.015044
-0.01608
-0.017194
-0.019895
-0.020562
-0.02426
-0.020639
