-0.068647
-0.069591
-0.068912
-0.069818
-0.070551
-0.071748
-0.07187
0.055017
0.058848
0.055134
0.061452
0.060276
0.061781
0.061743
0.058918
0.020829
0.020818
0.020637
0.020853
0.020879
0.038067
0.038723
0.038824
-0.05372
-0.057574
-0.057548
-0.062891
-0.046274
-0.04768
-0.041994
-0.044298
0.056711
0.058287
0.055073
0.057566
0.057242
0.057331
0.055053
0.057207
-0.030864
-0.026838
-0.029566
-0.028661
-0.014116
-0.0098599
-0.0072974
-0.021341
-0.021505
-0.023121
-0.025193
-0.021489
-0.026615
-0.024656
-0.028755
-0.021631
-0.021409
-0.02037
-0.015413
-0.017661
-0.013648
-0.044851
-0.040334
-0.031791
-0.030022
-0.032179
-0.033825
-0.069526
-0.06645
-0.068424
-0.069069
-0.062496
-0.065126
-0.068525
0.061375
0.061507
0.061103
0.060278
0.059081
0.057737
0.058179
-0.018084
-0.020466
-0.023129
-0.023039
-0.026324
-0.014748
-0.01187
-0.016065
-0.017136
0.020622
0.020244
0.020262
0.018955
0.019008
0.019094
0.0192
0.018347
-0.046187
-0.050208
-0.051004
-0.051781
-0.047113
-0.047765
-0.046383
-0.051133
-0.040022
-0.03824
-0.038357
-0.042281
-0.036214
-0.038937
-0.039464
-0.037038
0.035792
0.042683
0.033237
0.024438
0.02701
0.018494
0.026575
0.022674
0.025236
-0.02848
-0.031383
-0.026619
-0.014556
-0.0089393
-0.007395
0.008781
-1.218e-05
-0.003486
-0.0032953
0.058411
0.057235
0.056982
0.021674
0.022378
0.020381
0.023589
0.022746
0.023878
0.025516
0.02847
0.028438
0.022108
0.024684
0.024597
0.020472
0.058064
0.057236
0.054623
0.05367
0.050505
0.050814
0.052931
0.055116
0.033355
0.037541
0.038661
0.046751
0.045157
0.041493
0.050487
0.038866
0.038627
0.022992
0.022486
0.022416
0.024692
0.022385
0.03
0.025782
0.02979
0.024715
0.026021
0.024663
0.021672
0.021587
0.02706
0.020493
-0.015997
-0.027233
-0.024392
-0.026752
-0.020948
-0.018955
-0.013783
0.017926
0.017711
0.019266
0.020001
0.0178
0.017853
0.017274
0.017139
0.017752
0.016084
0.01796
0.016964
0.01616
0.018014
0.017155
0.013558
0.015274
0.015037
0.014751
0.013434
0.01668
0.0097758
0.012978
0.013672
0.0096695
0.0075634
0.0055834
0.0075558
0.0062867
-0.0039093
-0.00027195
-0.030844
-0.02557
-0.015205
-0.0099271
0.048339
0.052473
0.051737
0.047559
0.044969
0.025654
0.023239
0.023227
0.028997
0.029406
0.038091
0.038221
0.026052
0.019914
0.018287
0.019466
0.019937
0.0098988
0.0032846
0.0052265
-0.027296
-0.030552
-0.03329
-0.033326
-0.069844
-0.06835
-0.063733
-0.069793
-0.069714
-0.068489
-0.069269
-0.067161
-0.066646
-0.059663
-0.065467
-0.060351
-0.066861
-0.067348
-0.063777
0.032418
0.036921
0.027965
0.031027
0.058913
0.058295
-0.024577
-0.021856
-0.027616
-0.02883
-0.030784
-0.012388
-0.016428
-0.0018117
-0.0057385
8.2468e-05
-0.0026348
-0.0073564
-0.0076373
-0.0055718
0.020603
0.020551
0.01926
0.021603
0.022076
0.023217
-0.023962
-0.028879
-0.025298
-0.030536
-0.029245
-0.036512
-0.039306
-0.040597
-0.041654
-0.036493
-0.042339
-0.038139
-0.046877
-0.030284
-0.034573
-0.039085
-0.035007
-0.033741
-0.033368
-0.034029
-0.032564
-0.034152
-0.036183
-0.03066
-0.029309
0.022505
0.02311
0.017921
0.01716
0.013335
0.010967
0.012154
0.022259
0.022934
0.03308
0.038063
0.030139
0.033037
-0.022261
-0.023928
-0.019447
-0.019452
-0.019353
-0.00082881
-0.022105
-0.021257
-0.01275
-0.0088739
-0.0024591
-0.0043358
-0.003992
0.018898
0.01605
0.016072
0.01935
0.018642
0.017387
0.017873
0.018031
0.017457
0.017844
0.017495
0.015412
0.01598
0.012935
0.016793
0.0090129
0.0088151
-0.0050011
0.053591
0.055484
0.056186
0.051807
0.04675
0.047695
0.042474
0.041557
0.035972
0.040379
0.029397
0.033269
0.029233
0.0092342
0.0090153
-0.027258
-0.024561
-0.021254
-0.020603
-0.012442
-0.01123
-0.013037
-0.014949
-0.050872
-0.046974
-0.05467
-0.064794
-0.060005
0.053153
0.057758
0.058347
0.058601
0.058322
0.058483
0.053767
0.055473
0.04632
0.049133
0.047136
0.045603
0.051535
0.050433
0.044715
0.046903
0.05318
0.05035
0.039574
0.045075
0.059334
0.060316
0.058777
0.058414
0.058234
0.058921
0.058871
-0.060763
-0.065479
-0.050486
-0.054398
-0.054498
-0.054381
-0.051655
-0.054433
-0.053133
-0.049177
-0.071803
-0.071713
-0.070696
-0.071607
-0.070707
-0.070632
-0.066034
-0.066233
-0.058671
-0.06009
-0.051941
-0.051355
-0.046345
-0.044051
-0.040085
-0.04018
-0.041796
-0.039388
-0.041314
-0.033467
-0.0345
-0.0355
-0.032676
-0.033865
-0.035867
-0.035189
-0.036945
0.014314
0.012315
0.010675
0.0088772
0.0038232
0.0053527
0.010428
0.007104
0.0097928
0.0092277
0.013591
0.013777
0.013263
0.01676
-0.0091806
-0.0040921
-0.00141
0.0044629
-0.019289
-0.020937
-0.012385
-0.015899
-0.0074411
-0.0072609
-0.0044863
-0.010897
-0.008553
-0.0042838
-0.0075255
0.044627
0.042763
0.057603
0.057516
0.05812
0.058314
0.05741
0.05637
0.05366
0.055859
0.049502
0.049741
0.043647
0.044447
0.039264
0.042139
0.024071
0.025802
0.018843
0.019263
0.021968
0.02069
0.017918
0.0074235
0.0090613
0.010956
0.0080466
0.0045535
0.0009029
0.0036944
-0.0035562
-0.0039791
0.0036573
0.018089
0.020116
0.020395
0.017611
0.018113
0.012309
0.010654
0.0057422
0.005883
-0.0056302
-0.002109
0.061651
0.061251
0.059802
0.057669
0.061624
0.061302
0.059935
0.060421
-0.03143
-0.028436
-0.035209
-0.035431
-0.035717
-0.036788
-0.036842
-0.040312
-0.037923
0.026166
0.029549
0.026609
0.021216
0.038958
0.038746
0.037977
0.037059
0.037006
0.038314
0.037191
0.038755
0.038333
0.037242
0.037046
0.028748
0.03359
0.03025
0.03223
0.037033
0.035392
0.03498
0.035328
0.035232
0.035688
0.033304
0.035102
0.032918
0.03129
0.030111
0.031864
0.029986
0.026009
0.025468
0.026805
0.027066
0.030101
0.031423
0.028411
0.028226
0.029619
0.02598
0.024951
0.020813
0.021192
0.019288
0.018039
0.01403
0.014059
0.020906
0.021427
0.01849
0.019257
0.024708
0.02369
0.027162
0.025542
0.023514
0.024482
0.023322
0.022003
0.017724
0.019774
0.021604
0.019045
0.01446
0.013891
0.0099688
0.01284
0.011245
0.0074077
0.0062409
0.0025244
-0.014839
-0.011759
-0.0017329
-0.0083183
-0.0091552
-0.013333
-0.010748
-0.015753
0.033151
0.036224
0.037744
0.039793
0.024315
0.018101
0.026434
0.025564
0.028125
0.032464
0.029919
-0.053353
-0.050225
-0.047606
-0.050886
-0.047012
-0.044722
-0.043034
-0.042656
-0.043274
-0.04261
-0.041682
-0.042765
-0.041576
-0.041519
-0.037136
-0.034085
-0.027492
-0.029468
-0.035223
-0.037721
-0.036777
-0.038135
-0.03796
-0.040728
-0.041104
-0.039918
-0.039373
-0.036059
-0.035884
-0.034707
-0.033502
-0.040231
-0.039027
-0.036019
-0.03655
-0.040353
-0.039486
-0.03862
-0.038011
-0.044716
-0.046487
-0.045107
-0.042298
-0.041873
-0.064271
-0.059373
-0.05393
-0.059554
-0.046102
-0.061342
-0.054931
-0.053326
-0.053448
-0.031012
-0.034345
-0.030342
-0.039616
-0.044534
-0.043486
-0.036051
-0.03494
-0.04277
-0.041793
-0.040607
-0.04236
-0.039251
-0.040891
-0.037375
-0.035134
-0.036648
-0.037028
-0.03928
-0.039868
-0.040871
-0.038867
-0.038409
-0.0388
-0.039245
0.025317
0.029544
0.032935
0.030419
