-0.049697
-0.048261
-0.048346
-0.049712
-0.048267
-0.049712
-0.04849
-0.049677
-0.04886
-0.049708
-0.049667
-0.049058
-0.049626
-0.048686
-0.04856
-0.049585
-0.047802
-0.04703
-0.046499
-0.046262
-0.046739
-0.047139
-0.049538
-0.048134
-0.046664
-0.04805
-0.046183
-0.046534
-0.048297
-0.049637
-0.047705
-0.048037
-0.047361
-0.046398
-0.047002
-0.045639
-0.046591
-0.044898
-0.045406
-0.045189
-0.04441
-0.050009
-0.05003
-0.050099
-0.04993
-0.04991
-0.049841
-0.049919
-0.043981
-0.042674
-0.042501
-0.041256
-0.039894
-0.040332
-0.042797
-0.044394
-0.044223
-0.039424
-0.042026
-0.038636
-0.039238
-0.041322
-0.043218
-0.042352
-0.044116
-0.044784
-0.044495
-0.044697
-0.046159
-0.044585
-0.044196
-0.04566
-0.043274
-0.042585
-0.045202
-0.043132
-0.044282
-0.045046
-0.044291
-0.043911
-0.043618
-0.044381
-0.044577
-0.04374
-0.042514
-0.044206
-0.043542
-0.043534
-0.042364
-0.041309
-0.039597
-0.040115
-0.040018
-0.040944
-0.039804
-0.037967
-0.037948
-0.034299
-0.034195
-0.031158
-0.038373
-0.031697
-0.036246
-0.037574
-0.029397
-0.033996
-0.034306
-0.03826
-0.04017
-0.042047
-0.0423
-0.042443
-0.042504
-0.042256
-0.04031
-0.040221
-0.038524
-0.038616
-0.03966
-0.039448
-0.039298
-0.039401
-0.026975
-0.032683
-0.03005
-0.037933
-0.037288
-0.035957
-0.034021
-0.033149
-0.036115
-0.038082
-0.037847
-0.036317
-0.036731
-0.03732
-0.04192
-0.042412
-0.042897
-0.040503
-0.040194
-0.037875
-0.037766
-0.032506
-0.031921
-0.032526
-0.03337
-0.024561
-0.025013
-0.025907
-0.026907
-0.041059
-0.040764
-0.036731
-0.032508
-0.026677
-0.026407
-0.032538
-0.036301
-0.040824
-0.040042
-0.035748
-0.031584
-0.0241
-0.0285
-0.02275
-0.027221
-0.021862
-0.025768
-0.029064
-0.03234
-0.035993
-0.03985
-0.039714
-0.037117
-0.033653
-0.035597
-0.039274
-0.027364
-0.019172
-0.012158
-0.020342
-0.023887
-0.034926
-0.036963
-0.038018
-0.04037
-0.042072
-0.043095
-0.043505
-0.042225
-0.040831
-0.039225
-0.043525
-0.042258
-0.040559
-0.038337
-0.037044
-0.036216
-0.033983
-0.028457
-0.032464
-0.034207
-0.035464
-0.036882
-0.039091
-0.040523
-0.041754
-0.042865
-0.037829
-0.032446
-0.027687
-0.029772
-0.031652
-0.03426
-0.036749
-0.037169
-0.039283
-0.033228
-0.02735
-0.033453
-0.036409
-0.038002
-0.038968
-0.039316
-0.040091
-0.038991
-0.036609
-0.039916
-0.041119
-0.036488
-0.039789
-0.041935
-0.042667
-0.042278
-0.041389
-0.040677
-0.039582
-0.038461
-0.033517
-0.035008
-0.036338
-0.036946
-0.03667
-0.036405
-0.036738
-0.029062
-0.01868
-0.022822
-0.026898
-0.031246
-0.030452
-0.033163
-0.034023
-0.034751
-0.035242
-0.035429
-0.034795
-0.034462
-0.034724
-0.032762
-0.032736
-0.030016
-0.027997
-0.037094
-0.025873
-0.025416
-0.027802
-0.023347
-0.021475
-0.027064
-0.021343
-0.03091
-0.031421
-0.032935
-0.032569
-0.034043
-0.037722
-0.032926
-0.028316
-0.026005
-0.017284
-0.01422
-0.016453
-0.012382
-0.024308
-0.028305
-0.03172
-0.034884
-0.036814
-0.038266
-0.036851
-0.03541
-0.033876
-0.032451
-0.028933
-0.024696
-0.033052
-0.035444
-0.035155
-0.035911
-0.03661
-0.037426
-0.036506
-0.03866
-0.037739
-0.037163
-0.035625
-0.012036
-0.012579
-0.017694
-0.025607
-0.020566
-0.026998
-0.030538
-0.034426
-0.036405
-0.034315
-0.021734
-0.012573
-0.012603
-0.013172
-0.021784
-0.021214
-0.020816
-0.018288
-0.014763
-0.013308
-0.013061
-0.0098199
-0.0078676
-0.011394
-0.01545
-0.0077312
-0.006682
-0.00035894
0.0028711
0.0033734
-0.013349
-0.017902
-0.015471
-0.0020131
0.0070287
0.013834
0.018018
0.01582
0.011997
-0.017169
-0.0046489
-0.017126
-0.0047747
-0.0047774
-0.017588
-0.016034
-0.0032519
-0.0027493
-0.015201
-0.013882
0.00023818
-0.0056878
0.0021468
0.021053
0.018218
0.01311
0.015846
0.01093
0.011436
0.0078155
0.0074589
0.0062477
0.0072175
0.012901
0.011623
0.012482
0.01165
0.019461
0.01953
0.019126
0.01846
0.017932
0.020307
0.014114
0.022901
0.014991
-0.0071786
0.0011724
0.010097
0.0031567
-0.0050577
-0.002774
-0.01019
-0.010049
-0.00046765
-0.0018396
0.0019407
0.0084529
0.0042931
0.0086275
0.0074095
0.0013103
0.0047572
0.0099896
0.001772
0.0085974
0.011185
-0.0029847
-0.0029172
0.0031919
0.0071496
0.011029
0.0094756
0.010082
0.0093471
0.0042611
0.0083591
0.0012602
0.0077801
-0.0028785
-0.007019
0.00056513
0.0066333
-0.0030661
0.015331
0.012815
0.015823
0.025055
0.027961
0.022792
0.020496
0.010571
0.016682
0.014358
0.013007
0.013734
0.013165
0.014398
0.012651
0.014139
0.012197
0.016951
0.032101
0.031866
0.032227
0.027442
0.034419
0.025117
0.024267
0.028618
0.032715
0.0275
0.024752
0.033525
0.026649
0.02926
0.026505
0.034589
0.031729
0.039661
0.028105
0.03564
0.028507
0.03246
0.029199
0.035982
0.024554
0.02337
0.022001
0.02671
0.028799
0.034619
0.042263
0.037596
0.042633
0.042834
0.042165
0.04029
0.035015
0.027769
0.022371
0.020263
0.027573
0.032927
0.036558
0.014111
0.017294
0.023079
0.024769
0.021836
0.018897
0.028515
0.02797
0.032973
0.035707
0.037728
0.037467
0.034717
0.03097
0.038944
0.034909
0.033081
0.029287
0.022145
0.018471
0.019839
0.025664
0.029822
0.035052
0.039376
0.035672
0.039014
0.035879
0.030195
0.025503
0.019899
0.016249
0.019394
0.04005
0.04041
0.041285
0.042131
0.040498
0.040864
0.039945
0.037375
0.038707
0.036942
0.034764
0.030564
0.036481
0.0307
0.027976
0.035604
0.036797
0.028572
0.035643
0.029116
0.022105
0.022995
0.028455
0.024429
0.037498
0.042113
0.03879
0.040594
0.04283
0.045647
0.040007
0.042728
0.044024
0.044601
0.044119
0.043209
0.04585
0.047444
0.043212
0.044818
0.042551
0.04442
0.040483
0.042164
0.043669
0.04327
0.044519
0.046061
0.045076
0.045331
0.045234
0.045837
0.045627
0.045174
0.045336
0.045477
0.046102
0.044596
0.047206
0.048678
0.049483
0.051026
0.053175
0.051793
0.047438
0.044397
0.042313
0.043123
0.049593
0.047246
0.044241
0.040207
0.038282
0.03364
0.055465
0.053986
0.050954
0.048553
0.044793
0.04206
0.040104
0.05756
0.05555
0.054218
0.052674
0.0508
0.04891
0.044963
0.042497
0.03689
0.039345
0.039985
0.041543
0.045656
0.045601
0.045471
0.047534
0.049253
0.04774
0.052804
0.058837
0.059216
0.059525
0.058097
0.058541
0.057101
0.059091
0.057573
0.058324
0.056747
0.056339
0.055916
0.057334
0.055867
0.055394
0.05485
0.055161
0.053751
0.053493
0.054112
0.053394
0.05315
0.050373
0.050659
0.045834
0.046439
0.042248
0.04762
0.045563
0.050358
0.052571
0.053969
0.052022
0.050221
0.04874
0.050837
0.039802
0.03976
0.036279
0.037586
0.037286
0.038961
0.043258
0.046863
0.048181
0.044722
0.045124
0.049384
0.052972
0.0556
0.055804
0.057138
0.05819
0.058603
0.057783
0.056955
0.05611
0.054664
0.055413
0.050044
0.052352
0.048976
0.050003
0.047038
0.049368
0.051068
0.052509
0.054156
0.057016
0.055021
0.053845
0.052591
0.052225
0.048778
0.05937
0.05866
0.057471
0.057447
0.05536
0.055286
0.055488
0.052912
0.052022
0.053471
0.052541
0.052159
0.049023
0.047904
0.047139
0.044826
0.050088
0.051496
0.048074
0.046573
0.044248
