0.023063
0.023088
0.022512
0.022624
0.022855
0.023031
0.022986
0.022909
0.023047
0.022943
0.022077
0.024485
0.024454
0.02464
0.024628
0.021573
-0.060006
-0.062046
-0.062112
-0.062597
-0.059676
-0.0552
-0.054653
-0.05544
-0.049604
-0.051878
-0.062111
-0.062501
-0.062428
-0.062084
-0.062599
-0.062409
-0.0624
-0.061882
-0.061888
-0.061213
-0.061637
-0.061669
-0.060287
-0.062746
-0.062278
0.024546
0.024376
0.024568
0.024489
0.024061
0.02345
0.02359
0.022846
0.02189
0.022591
0.022467
0.021552
0.022223
0.023791
0.020297
0.024465
0.024621
0.023749
0.023714
0.022469
0.022467
0.020779
0.022301
0.021278
0.018606
-0.042965
-0.040687
-0.042802
-0.039864
-0.040355
-0.037291
0.056917
0.05665
0.056706
0.055742
0.056546
0.055886
0.056354
0.055909
0.04989
0.053591
0.053511
0.054016
0.055736
0.054714
0.055775
0.056489
0.055707
0.05106
0.05474
0.053995
-0.029615
-0.0285
-0.02454
0.021717
0.020561
0.020212
0.020638
0.019401
0.020663
0.01899
0.015436
0.022328
0.022864
0.020512
0.021402
0.021199
0.023026
0.023231
0.024851
0.024705
0.030277
0.028522
0.03504
-0.027876
-0.031562
-0.031145
-0.021793
-0.012857
-0.013911
-0.05346
-0.056167
-0.053016
-0.059193
-0.043621
-0.043462
-0.040206
-0.049114
-0.048679
-0.062363
-0.062066
-0.062686
-0.0627
-0.061959
-0.061829
-0.062122
-0.042819
-0.040095
-0.037028
-0.044656
0.051733
0.048281
0.050712
0.052418
0.048486
0.050335
0.051357
0.05148
0.054359
0.054708
0.055418
0.055743
0.05337
0.054093
0.054241
0.05401
0.052963
0.053434
0.055038
0.056265
0.056172
0.055841
0.055543
0.055451
0.054888
0.051548
0.052177
0.051956
0.039979
0.044092
0.038603
0.042702
0.043492
0.049059
0.048797
0.046727
0.043409
0.045648
0.042588
0.039534
0.038479
0.042165
0.044331
0.043738
0.039937
0.042625
0.044691
0.040292
0.037143
0.038147
0.015748
0.021144
0.012452
-0.0057927
0.0038025
-0.00087504
0.032376
0.030027
0.030979
0.028645
0.026265
0.030899
0.02198
0.022936
0.021962
0.021126
0.019603
0.025738
0.026089
0.023959
0.023692
0.024116
0.02274
0.018015
0.01873
0.024591
0.019598
0.021463
0.021392
0.015821
0.017161
0.011968
0.014156
0.009964
0.0093851
0.0077207
0.0023327
0.0026012
0.0033673
0.0078706
-0.027328
-0.024133
-0.036493
-0.036656
-0.039749
-0.038526
-0.040713
-0.036298
-0.035132
-0.034918
-0.0354
-0.035612
-0.043772
-0.0393
-0.042303
-0.038318
-0.040941
-0.039263
-0.036991
-0.038086
-0.031788
-0.033555
-0.033201
-0.0015467
0.0072314
0.0050499
-0.0021937
-0.0047942
-0.015784
-0.019372
-0.018264
-0.010243
-0.0089538
-0.0036973
-0.0051592
-0.030571
-0.034219
-0.02389
-0.024891
-0.022375
-0.01857
-0.028156
-0.024833
-0.032472
-0.023001
0.056812
0.056634
0.056774
0.05689
0.05646
0.056355
0.030186
0.022942
0.021198
0.010196
0.013823
0.017557
0.022501
0.023096
0.021571
0.021107
0.012467
0.017634
0.016806
0.01006
0.017004
-0.038819
-0.034298
-0.031674
-0.059833
-0.062231
-0.055483
-0.049728
-0.051627
-0.042718
-0.048384
-0.047929
-0.049082
-0.05209
-0.055326
-0.052606
-0.045033
-0.047706
-0.044786
-0.043529
-0.043053
-0.041064
-0.037097
-0.033964
-0.036754
-0.029335
-0.025302
-0.025906
-0.033705
-0.033614
-0.035986
-0.021575
-0.01675
-0.027992
-0.032143
-0.023139
-0.045513
-0.034168
-0.034833
-0.03383
-0.03749
-0.043877
-0.042445
-0.044416
-0.039672
-0.036323
-0.038239
-0.037536
-0.040949
-0.035616
-0.022987
-0.019671
-0.022017
-0.034983
-0.033923
-0.034212
-0.029823
-0.022322
-0.0072553
-0.0080934
0.0019338
-0.01505
-0.015892
-0.015871
-0.0048265
0.020829
0.022619
0.020789
0.020085
0.021537
0.021929
0.020248
0.018854
0.017425
0.017165
0.015058
0.015437
0.017687
0.018674
0.012553
0.0089621
0.011212
0.0041638
0.011627
0.012029
0.017547
0.015332
0.015064
-0.057001
0.030623
0.027301
0.026609
0.047388
-0.041327
-0.036501
-0.021368
-0.027948
-0.029723
0.054203
0.055089
0.055474
0.055279
0.055055
0.055314
0.055207
0.055325
0.054396
0.054694
0.053398
0.053439
0.055081
0.0476
0.048513
0.040977
0.043746
0.045742
0.048665
0.049409
0.051692
0.049498
0.03993
0.054387
0.025152
0.026663
0.025921
0.028564
0.033927
0.033963
0.031818
0.03617
0.036952
0.036546
0.035217
0.033982
0.030893
0.02578
0.029116
0.018901
0.016491
0.015508
0.011546
0.0023011
0.0095943
-0.0041348
-0.0086836
-0.010913
0.039956
0.038063
0.034284
0.034128
0.031446
0.028662
0.029104
0.020265
0.016541
-0.020948
-0.022385
-0.013687
-0.002849
-0.013834
-0.0018239
-0.029847
-0.032654
-0.032053
-0.032871
-0.029006
-0.029157
0.055541
0.054852
0.012891
0.013888
0.019991
0.021398
0.0211
0.020735
0.022891
0.023527
0.019084
0.019142
0.012979
0.015699
0.0042256
0.0011259
8.3088e-05
-0.0084711
-0.0054798
-0.024999
-0.016673
-0.016807
-0.023027
-0.015309
-0.017877
-0.0092487
-0.0034241
0.0006261
0.010483
0.0056936
0.014557
0.016466
0.01214
0.0082211
-0.0038654
0.0073481
-0.037061
-0.034505
-0.033341
-0.028748
-0.029874
-0.029449
-0.031418
-0.038461
-0.044173
0.0033421
0.0047907
0.014133
-0.0028064
0.022857
0.025523
-0.021996
-0.015524
-0.023221
-0.02205
-0.015163
-0.0078914
-0.0075649
-0.0077703
-0.0017331
0.0024356
0.0088092
0.030171
0.034393
0.024249
-0.040416
-0.037764
-0.040518
-0.03602
-0.02635
-0.02881
0.052671
0.052719
0.051971
0.051999
0.052037
0.051091
0.051761
0.051185
0.050835
0.051997
0.050316
0.050934
0.019758
0.022587
0.014105
0.016515
0.012827
0.014463
0.014313
0.015159
0.01276
0.012194
0.0095397
0.0067923
0.00052762
0.0019258
0.0018563
-0.0065527
0.011636
0.012248
-0.02684
-0.022205
-0.017293
-0.019169
-0.020055
-0.020503
-0.025323
-0.023423
-0.022972
-0.024817
-0.012846
-0.018119
-0.012422
-0.011548
-0.0080372
-0.010475
-0.010277
-0.0056978
-0.019832
-0.013952
-0.013757
-0.0092683
-0.010568
-0.011688
-0.011078
-0.0095181
-0.008379
-0.0026987
-0.0071039
-0.034854
-0.034734
-0.058051
-0.056117
-0.053483
-0.055539
-0.053451
-0.0559
-0.058232
-0.052412
-0.05375
-0.052378
-0.045211
-0.044844
-0.046235
-0.047348
-0.045487
-0.043763
-0.046321
-0.046217
-0.045036
-0.044899
-0.044935
-0.045044
-0.046042
-0.050522
-0.050464
-0.048932
-0.048252
-0.046453
-0.049073
-0.051816
-0.050497
-0.050309
-0.046699
-0.049267
-0.044599
0.016217
0.011872
-0.020662
-0.021883
-0.013848
-0.014557
0.025681
0.032544
0.026933
0.026706
0.02707
0.025116
-0.047745
-0.048062
-0.038552
-0.042663
-0.053631
-0.05088
-0.054778
-0.062079
-0.062011
-0.059301
-0.059088
-0.050383
-0.053719
-0.054552
-0.059459
-0.048345
-0.050611
-0.050488
-0.048744
-0.045596
-0.04809
-0.042329
-0.046847
-0.036492
-0.034708
-0.021572
-0.026694
-0.022195
-0.01876
-0.014012
-0.017448
0.054943
0.054459
0.054421
0.054778
0.055034
0.053276
0.052891
0.054129
0.054616
0.055166
0.055147
0.053502
0.052256
0.0021742
-0.0014528
-0.02655
-0.02764
-0.027135
-0.02699
-0.031613
-0.029954
-0.034589
-0.035434
-0.041548
-0.042935
-0.04429
-0.045069
-0.043419
-0.045824
-0.042615
-0.039698
0.039128
0.039086
0.034835
0.032446
0.032353
0.030317
0.053117
0.05343
0.05493
0.05348
0.050956
0.052026
0.042711
0.040693
0.03603
0.034028
0.041803
0.036405
0.028335
0.031482
0.026899
0.027863
